0.0665945559825283 -0.0303356079010813 -0.0256577155373997 -0.0097936771221375 -0.0244628830504773 0.0002908055313674 -0.0149887692141921 0.0128466062572580 -0.0002881321175619 0.0122180120590441 0.0070040094245273 -0.0008580643029088 -0.0036150192594576 -0.0041301890890129 0.0125883485522444 -0.0165098104003203 -0.0022895825778945 0.0065170835359408 0.0005396423274907 -0.0353378792606577 0.0121678188205893 -0.0081104892321090 0.0133676308641825 0.0249650349654704 0.0089563968798974
-0.0303356079010849 0.0512065928402911 -0.0035245372670905 -0.0166784722748270 0.0203645033045194 -0.0064430082400273 -0.0044628755421577 -0.0076311681082566 0.0086230473039889 -0.0012017897189673 -0.0008257502586385 -0.0110797879744150 -0.0033641656029614 -0.0033595471226988 0.0123915979321749 0.0060446239209751 -0.0294653598566492 -0.0088783159649383 0.0322327171482738 0.0265723459714058 -0.0326850910627001 0.0135645722532413 0.0010155610043363 -0.0169695053441694 0.0055381932637268
-0.0256577155373993 -0.0035245372670956 0.0681989247528790 -0.0017769087635331 -0.0106846014680574 0.0164002457369760 0.0064150810333961 -0.0221910918931229 -0.0067669646408092 -0.0153393225711429 0.0058044042078989 0.0059664783117711 0.0054857632227236 0.0061263228941190 -0.0325317553834556 0.0196765294389416 0.0092639342788301 -0.0159155745353865 -0.0141439571537278 0.0363192116410629 0.0083731573741085 -0.0395260264539371 0.0182633281107408 0.0041587634123239 -0.0200490051929430
-0.0097936771221403 -0.0166784722748280 -0.0017769087635271 0.0537567481330684 -0.0109534367835395 -0.0009028072486235 0.0112938239558370 0.0048880997073496 -0.0046348930195629 -0.0050668565842118 -0.0153507848862687 -0.0063909933130723 -0.0044379431439189 0.0198285466793372 0.0056497836139153 -0.0332224187516845 0.0225707520948459 0.0162677054759175 -0.0139494692847770 0.0002070636057952 0.0300119712869052 0.0030575631073034 -0.0304293484483923 -0.0105318080715056 -0.0031203114406736
-0.0244628830504652 0.0203645033045194 -0.0106846014680714 -0.0109534367835429 0.0527072695730048 -0.0230675314748305 0.0301447731703845 -0.0143240291551096 0.0065512367636657 -0.0115580838266300 -0.0055215746407382 0.0119856817160513 0.0067037564328059 -0.0120408283183530 0.0075292532330128 0.0300080457072384 -0.0022582293782247 0.0146828375480372 0.0082805111057478 -0.0183663244852590 -0.0205706464768027 0.0166471122481152 -0.0213532974099271 -0.0086408548338181 -0.0208960911876188
0.0002908055313578 -0.0064430082400287 0.0164002457369757 -0.0009028072486201 -0.0230675314748198 0.0336980164842284 -0.0246276176031786 0.0203219983791714 -0.0088137990257676 0.0000652831388563 -0.0051914991863559 -0.0091086057642722 0.0034322603740732 0.0209835238758634 -0.0198976296986997 0.0038777953392645 0.0144272852528006 0.0008371643767042 -0.0083331320640450 0.0185711670037726 -0.0067544510978067 -0.0170295839187840 0.0088211211977624 -0.0236705123465855 0.0128129028754596
-0.0149887692141792 -0.0044628755421606 0.0064150810333914 0.0112938239558284 0.0301447731703850 -0.0246276176031832 0.0436694806810905 -0.0264549518986072 0.0068190724572796 -0.0214879899705690 -0.0003464210557615 0.0077784432309616 0.0134224943419834 -0.0088276421993484 0.0120089799822084 0.0074234152290546 0.0082560664876600 0.0075647723295393 -0.0029557543471859 -0.0163091054415663 0.0058730943677665 -0.0092259100729248 -0.0230187521533756 0.0159474048241684 -0.0229786175007106
0.0128466062572488 -0.0076311681082499 -0.0221910918931231 0.0048880997073500 -0.0143240291551045 0.0203219983791653 -0.0264549518986029 0.0405918685806574 -0.0157535082259896 0.0211747269778194 -0.0216433937357732 -0.0009425906286225 -0.0103785596016336 0.0191150822097275 0.0014961962450507 0.0034734509540861 0.0105724907509928 0.0030470905087124 -0.0035740870103272 0.0000668405655409 -0.0047349825789374 0.0069449121010626 -0.0204196702246751 -0.0226888914068448 0.0255280468407182
-0.0002881321175628 0.0086230473039825 -0.0067669646408031 -0.0046348930195538 0.0065512367636552 -0.0088137990257572 0.0068190724572744 -0.0157535082259849 0.0277366522494589 -0.0150288119535977 0.0250764260340852 -0.0268799777591283 0.0028168839112898 -0.0166406069233842 0.0112302488956616 -0.0172550231467043 -0.0060163265478417 0.0104971397550536 0.0089733594279004 -0.0003625412543331 0.0071979816036701 0.0120804650626485 0.0215877755256857 -0.0160144258398057 -0.0142331924954897
0.0122180120590380 -0.0012017897189533 -0.0153393225711388 -0.0050668565842132 -0.0115580838266351 0.0000652831388505 -0.0214879899705685 0.0211747269778095 -0.0150288119535921 0.0501069746009844 -0.0182854094706351 0.0194609827499418 -0.0479278440745645 -0.0047402721887027 0.0015769913551492 0.0146804563882120 -0.0193617093140037 -0.0181757820886780 0.0003317817767602 0.0138958604541752 0.0169655198621440 0.0272683675904438 -0.0054113685761830 0.0055131987540340 -0.0006462719828273
0.0070040094245269 -0.0008257502586463 0.0058044042079110 -0.0153507848862653 -0.0055215746407494 -0.0051914991863413 -0.0003464210557696 -0.0216433937357692 0.0250764260340844 -0.0182854094706405 0.0464313568061203 -0.0241315261526373 0.0189113823435260 -0.0397210782046955 0.0016246328120950 -0.0095731305061800 0.0090631260552595 -0.0116947862207966 -0.0079691710956846 -0.0018269527076466 0.0143553995794235 0.0065484870381956 0.0367512051325766 -0.0052852796782395 -0.0050068438730606
-0.0008580643028965 -0.0110797879744082 0.0059664783117481 -0.0063909933130765 0.0119856817160567 -0.0091086057642879 0.0077784432309617 -0.0009425906286254 -0.0268799777591206 0.0194609827499521 -0.0241315261526348 0.0552630861550077 -0.0128123599032956 0.0107303802096949 -0.0289988943549531 0.0314601409986995 -0.0089475929887510 0.0003469829001500 -0.0131465761084575 -0.0197768661277711 -0.0074396861581360 0.0017645709463118 -0.0073395716965229 0.0416564752034559 -0.0103139386039880
-0.0036150192594512 -0.0033641656029734 0.0054857632227240 -0.0044379431439278 0.0067037564328139 0.0034322603740779 0.0134224943419832 -0.0103785596016282 0.0028168839112860 -0.0479278440745634 0.0189113823435253 -0.0128123599032830 0.0707300216733310 -0.0053275852201215 0.0061880768796065 -0.0074737229808641 0.0312159709737233 -0.0031622938474148 -0.0049459488588464 -0.0243677690228277 -0.0324189534281481 -0.0343132825108726 -0.0058433348482319 0.0086378342449722 0.0315878600457383
-0.0041301890890146 -0.0033595471227023 0.0061263228940965 0.0198285466793518 -0.0120408283183388 0.0209835238758563 -0.0088276421993414 0.0191150822097417 -0.0166406069233935 -0.0047402721886958 -0.0397210782047120 0.0107303802097035 -0.0053275852201217 0.0730206618345601 -0.0257603528628700 -0.0215390805017645 -0.0160213822717842 0.0430376017587606 0.0107377068236617 -0.0002364591734193 -0.0259949805928619 -0.0240416323544373 -0.0024154817463979 0.0014608802661670 0.0063048324707213
0.0125883485522408 0.0123915979321800 -0.0325317553834277 0.0056497836138986 0.0075292532330036 -0.0198976296986918 0.0120089799822075 0.0014961962450358 0.0112302488956689 0.0015769913551329 0.0016246328121156 -0.0289988943549676 0.0061880768796251 -0.0257603528628826 0.0689343523226321 -0.0161959415710044 -0.0039793504032561 -0.0267027741424287 0.0275286726885601 0.0015899270158869 0.0028560294533384 -0.0003575725942880 -0.0398637281648579 0.0009685228011510 0.0215719768347467
-0.0165098104003142 0.0060446239209858 0.0196765294389321 -0.0332224187517042 0.0300080457072501 0.0038777953392477 0.0074234152290563 0.0034734509540718 -0.0172550231466942 0.0146804563882227 -0.0095731305061736 0.0314601409987116 -0.0074737229808843 -0.0215390805017714 -0.0161959415710108 0.0885009047382265 0.0131726552258467 -0.0273653770137731 -0.0162360274138864 0.0111734968476085 -0.0115758936709268 -0.0051842256472135 -0.0252028458139842 -0.0069446411013591 -0.0135226458586804
-0.0022895825778951 -0.0294653598566515 0.0092639342788360 0.0225707520948332 -0.0022582293782158 0.0144272852527957 0.0082560664876646 0.0105724907509923 -0.0060163265478523 -0.0193617093139873 0.0090631260552537 -0.0089475929887307 0.0312159709737114 -0.0160213822717997 -0.0039793504032569 0.0131726552258822 0.0713534513429721 -0.0034642471074750 -0.0412761581863687 -0.0138467344008918 0.0236554383417599 -0.0088403782052650 -0.0307941674912105 -0.0320220951321324 0.0058602893755759
0.0065170835359465 -0.0088783159649473 -0.0159155745354187 0.0162677054759460 0.0146828375480354 0.0008371643767004 0.0075647723295362 0.0030470905087363 0.0104971397550466 -0.0181757820886593 -0.0116947862208112 0.0003469829001457 -0.0031622938474282 0.0430376017587558 -0.0267027741424059 -0.0273653770137832 -0.0034642471074533 0.0792082026559566 0.0002128179901231 -0.0378229167989532 -0.0093235487564977 0.0137364743721711 0.0171941543123739 -0.0209933351789079 -0.0281864704433612
0.0005396423274887 0.0322327171482737 -0.0141439571537240 -0.0139494692847739 0.0082805111057434 -0.0083331320640386 -0.0029557543471877 -0.0035740870103287 0.0089733594279069 0.0003317817767450 -0.0079691710956767 -0.0131465761084708 -0.0049459488588321 0.0107377068236673 0.0275286726885571 -0.0162360274139001 -0.0412761581863619 0.0002128179901322 0.0443643190612654 0.0098839611305629 -0.0302103914700294 -0.0039614059933088 0.0030450858457072 0.0070565096164509 0.0089297793455971
-0.0353378792606731 0.0265723459714093 0.0363192116410863 0.0002070636057887 -0.0183663244852506 0.0185711670037761 -0.0163091054415560 0.0000668405655280 -0.0003625412543366 0.0138958604541565 -0.0018269527076496 -0.0197768661277600 -0.0243677690228113 -0.0002364591734029 0.0015899270158667 0.0111734968476173 -0.0138467344008959 -0.0378229167989449 0.0098839611305637 0.0737000982308823 0.0081490677642890 -0.0089696612127795 0.0018626756213896 -0.0252923843719055 0.0016290984955402
0.0121678188205853 -0.0326850910626959 0.0083731573741250 0.0300119712869033 -0.0205706464768127 -0.0067544510978029 0.0058730943677653 -0.0047349825789418 0.0071979816036654 0.0169655198621453 0.0143553995794226 -0.0074396861581373 -0.0324189534281476 -0.0259949805928629 0.0028560294533436 -0.0115758936709225 0.0236554383417552 -0.0093235487565200 -0.0302103914700248 0.0081490677643093 0.0734143494552219 0.0183984708738438 -0.0010269252545238 -0.0089238579616558 -0.0289674889375300
-0.0081104892321112 0.0135645722532461 -0.0395260264539384 0.0030575631073178 0.0166471122480993 -0.0170295839187880 -0.0092259100729266 0.0069449121010599 0.0120804650626535 0.0272683675904488 0.0065484870382024 0.0017645709462923 -0.0343132825108765 -0.0240416323544516 -0.0003575725942606 -0.0051842256472342 -0.0088403782052654 0.0137364743721444 -0.0039614059933022 -0.0089696612127574 0.0183984708738622 0.0726488639551377 0.0084869403756253 -0.0278858269850401 -0.0165224703928427
0.0133676308641812 0.0010155610043252 0.0182633281107309 -0.0304293484483642 -0.0213532974099391 0.0088211211977783 -0.0230187521533867 -0.0204196702246549 0.0215877755256820 -0.0054113685761856 0.0367512051325611 -0.0073395716965283 -0.0058433348482361 -0.0024154817463613 -0.0398637281648760 -0.0252028458140137 -0.0307941674911978 0.0171941543124135 0.0030450858456981 0.0018626756213804 -0.0010269252545205 0.0084869403756354 0.0912153165901946 0.0092747259950128 -0.0194699158695123
0.0249650349654851 -0.0169695053441673 0.0041587634123167 -0.0105318080715148 -0.0086408548338218 -0.0236705123465841 0.0159474048241616 -0.0226888914068474 -0.0160144258397948 0.0055131987540242 -0.0052852796782297 0.0416564752034459 0.0086378342449784 0.0014608802661749 0.0009685228011466 -0.0069446411013776 -0.0320220951321447 -0.0209933351788875 0.0070565096164608 -0.0252923843719179 -0.0089238579616669 -0.0278858269850407 0.0092747259950387 0.0946239194374848 0.0087249588613582
0.0089563968798898 0.0055381932637280 -0.0200490051929287 -0.0031203114406843 -0.0208960911876128 0.0128129028754630 -0.0229786175007064 0.0255280468407136 -0.0142331924954920 -0.0006462719828338 -0.0050068438730569 -0.0103139386039849 0.0315878600457487 0.0063048324707147 0.0215719768347419 -0.0135226458586601 0.0058602893755823 -0.0281864704433720 0.0089297793455929 0.0016290984955459 -0.0289674889375370 -0.0165224703928549 -0.0194699158695139 0.0087249588613587 0.0632166573135011
